 121 1 0 12
 0.37469E-11
 0.47171E-11
 0.59383E-11
 0.74758E-11
 0.94112E-11
 0.11847E-10
 0.14910E-10
 0.18752E-10
 0.23566E-10
 0.29588E-10
 0.37176E-10
 0.46488E-10
 0.58186E-10
 0.72782E-10
 0.91001E-10
 0.11376E-09
 0.14222E-09
 0.17786E-09
 0.22255E-09
 0.27864E-09
 0.34910E-09
 0.43774E-09
 0.54928E-09
 0.68976E-09
 0.86670E-09
 0.10896E-08
 0.13703E-08
 0.17237E-08
 0.21682E-08
 0.27267E-08
 0.34273E-08
 0.43049E-08
 0.54014E-08
 0.67678E-08
 0.84647E-08
 0.10565E-07
 0.13153E-07
 0.16325E-07
 0.20195E-07
 0.24887E-07
 0.30542E-07
 0.37312E-07
 0.45307E-07
 0.54814E-07
 0.65968E-07
 0.78967E-07
 0.94020E-07
 0.11135E-06
 0.13118E-06
 0.15377E-06
 0.17937E-06
 0.20826E-06
 0.24074E-06
 0.27715E-06
 0.31783E-06
 0.36317E-06
 0.41360E-06
 0.46946E-06
 0.53150E-06
 0.60020E-06
 0.67616E-06
 0.76010E-06
 0.85276E-06
 0.95491E-06
 0.10681E-05
 0.11922E-05
 0.13292E-05
 0.14799E-05
 0.16367E-05
 0.18290E-05
 0.20301E-05
 0.22521E-05
 0.24964E-05
 0.27652E-05
 0.30630E-05
 0.33882E-05
 0.37480E-05
 0.41433E-05
 0.45797E-05
 0.50622E-05
 0.55921E-05
 0.61780E-05
 0.68229E-05
 0.75335E-05
 0.83163E-05
 0.91791E-05
 0.10129E-04
 0.11176E-04
 0.12329E-04
 0.13597E-04
 0.14996E-04
 0.16536E-04
 0.18229E-04
 0.20097E-04
 0.22146E-04
 0.24407E-04
 0.26902E-04
 0.29644E-04
 0.32663E-04
 0.35985E-04
 0.39644E-04
 0.43671E-04
 0.48103E-04
 0.52984E-04
 0.58377E-04
 0.64273E-04
 0.70785E-04
 0.77957E-04
 0.85875E-04
 0.94571E-04
 0.10414E-03
 0.11468E-03
 0.12628E-03
 0.13905E-03
 0.15311E-03
 0.16860E-03
 0.18564E-03
 0.20441E-03
 0.22507E-03
 0.24781E-03
 0.27277E-03
