 121 1 0 12
 0.83915E-11
 0.10564E-10
 0.13299E-10
 0.16741E-10
 0.21066E-10
 0.26478E-10
 0.33226E-10
 0.41593E-10
 0.51957E-10
 0.64771E-10
 0.80790E-10
 0.10023E-09
 0.12452E-09
 0.15465E-09
 0.19207E-09
 0.23860E-09
 0.29650E-09
 0.36862E-09
 0.45854E-09
 0.57069E-09
 0.71061E-09
 0.88533E-09
 0.11034E-08
 0.13756E-08
 0.17153E-08
 0.21388E-08
 0.26663E-08
 0.33225E-08
 0.41372E-08
 0.51466E-08
 0.63934E-08
 0.79287E-08
 0.98114E-08
 0.12110E-07
 0.14900E-07
 0.18268E-07
 0.22306E-07
 0.27115E-07
 0.32800E-07
 0.39471E-07
 0.47241E-07
 0.56226E-07
 0.66511E-07
 0.78287E-07
 0.91657E-07
 0.10676E-06
 0.12376E-06
 0.14281E-06
 0.16413E-06
 0.18791E-06
 0.21441E-06
 0.24390E-06
 0.27669E-06
 0.31310E-06
 0.35351E-06
 0.39833E-06
 0.44803E-06
 0.50296E-06
 0.56392E-06
 0.63139E-06
 0.70604E-06
 0.78858E-06
 0.87980E-06
 0.98048E-06
 0.10922E-05
 0.12148E-05
 0.13504E-05
 0.14997E-05
 0.16552E-05
 0.18461E-05
 0.20459E-05
 0.22668E-05
 0.25099E-05
 0.27777E-05
 0.30744E-05
 0.33988E-05
 0.37577E-05
 0.41522E-05
 0.45878E-05
 0.50696E-05
 0.55989E-05
 0.61841E-05
 0.68285E-05
 0.75386E-05
 0.83210E-05
 0.91833E-05
 0.10133E-04
 0.11180E-04
 0.12332E-04
 0.13600E-04
 0.14998E-04
 0.16539E-04
 0.18231E-04
 0.20099E-04
 0.22147E-04
 0.24408E-04
 0.26904E-04
 0.29646E-04
 0.32664E-04
 0.35986E-04
 0.39645E-04
 0.43671E-04
 0.48104E-04
 0.52985E-04
 0.58377E-04
 0.64273E-04
 0.70786E-04
 0.77957E-04
 0.85875E-04
 0.94571E-04
 0.10414E-03
 0.11468E-03
 0.12628E-03
 0.13905E-03
 0.15311E-03
 0.16860E-03
 0.18564E-03
 0.20441E-03
 0.22507E-03
 0.24781E-03
 0.27277E-03
