 121 1 0 12
 0.25859E-11
 0.32554E-11
 0.40982E-11
 0.51590E-11
 0.64919E-11
 0.81600E-11
 0.10241E-10
 0.12822E-10
 0.16020E-10
 0.19977E-10
 0.24925E-10
 0.30933E-10
 0.38443E-10
 0.47763E-10
 0.59342E-10
 0.73746E-10
 0.91681E-10
 0.11403E-09
 0.14192E-09
 0.17672E-09
 0.22019E-09
 0.27447E-09
 0.34231E-09
 0.42707E-09
 0.53298E-09
 0.66521E-09
 0.83022E-09
 0.10359E-08
 0.12920E-08
 0.16102E-08
 0.20047E-08
 0.24927E-08
 0.30942E-08
 0.38327E-08
 0.47355E-08
 0.58335E-08
 0.71612E-08
 0.87567E-08
 0.10661E-07
 0.12918E-07
 0.15574E-07
 0.18677E-07
 0.22277E-07
 0.26406E-07
 0.31155E-07
 0.36564E-07
 0.42695E-07
 0.49617E-07
 0.57404E-07
 0.66141E-07
 0.75918E-07
 0.86842E-07
 0.99032E-07
 0.11261E-06
 0.12773E-06
 0.14454E-06
 0.16323E-06
 0.18398E-06
 0.20695E-06
 0.23249E-06
 0.26079E-06
 0.29214E-06
 0.32685E-06
 0.36522E-06
 0.40789E-06
 0.45476E-06
 0.50664E-06
 0.56385E-06
 0.62697E-06
 0.69675E-06
 0.77350E-06
 0.85836E-06
 0.95183E-06
 0.10548E-05
 0.11686E-05
 0.12943E-05
 0.14327E-05
 0.15837E-05
 0.17514E-05
 0.19368E-05
 0.21407E-05
 0.23661E-05
 0.26144E-05
 0.28880E-05
 0.31896E-05
 0.35221E-05
 0.38884E-05
 0.42922E-05
 0.47371E-05
 0.52264E-05
 0.57662E-05
 0.63610E-05
 0.70146E-05
 0.77360E-05
 0.85295E-05
 0.94004E-05
 0.10362E-04
 0.11425E-04
 0.12591E-04
 0.13875E-04
 0.15294E-04
 0.16845E-04
 0.18558E-04
 0.20444E-04
 0.22530E-04
 0.24817E-04
 0.27324E-04
 0.30096E-04
 0.33159E-04
 0.36520E-04
 0.40219E-04
 0.44291E-04
 0.48776E-04
 0.53712E-04
 0.59148E-04
 0.65133E-04
 0.71720E-04
 0.78975E-04
 0.86961E-04
 0.95752E-04
 0.10543E-03
