 121 1 0 12
 0.13372E-11
 0.16835E-11
 0.21193E-11
 0.26680E-11
 0.33585E-11
 0.42265E-11
 0.53163E-11
 0.66807E-11
 0.83868E-11
 0.10517E-10
 0.13198E-10
 0.16481E-10
 0.20604E-10
 0.25744E-10
 0.32156E-10
 0.40164E-10
 0.50173E-10
 0.62699E-10
 0.78395E-10
 0.98079E-10
 0.12280E-09
 0.15384E-09
 0.19287E-09
 0.24196E-09
 0.30373E-09
 0.38143E-09
 0.47917E-09
 0.60207E-09
 0.75648E-09
 0.95033E-09
 0.11933E-08
 0.14975E-08
 0.18774E-08
 0.23508E-08
 0.29390E-08
 0.36674E-08
 0.45658E-08
 0.56690E-08
 0.70170E-08
 0.86556E-08
 0.10636E-07
 0.13014E-07
 0.15853E-07
 0.19193E-07
 0.23157E-07
 0.27798E-07
 0.33196E-07
 0.39438E-07
 0.46618E-07
 0.54830E-07
 0.64179E-07
 0.74776E-07
 0.86744E-07
 0.10021E-06
 0.11531E-06
 0.13220E-06
 0.15105E-06
 0.17204E-06
 0.19533E-06
 0.22123E-06
 0.24995E-06
 0.28175E-06
 0.31693E-06
 0.35580E-06
 0.39898E-06
 0.44635E-06
 0.49875E-06
 0.55646E-06
 0.62006E-06
 0.69031E-06
 0.76752E-06
 0.85282E-06
 0.94670E-06
 0.10501E-05
 0.11642E-05
 0.12903E-05
 0.14290E-05
 0.15803E-05
 0.17483E-05
 0.19340E-05
 0.21381E-05
 0.23637E-05
 0.26122E-05
 0.28861E-05
 0.31878E-05
 0.35205E-05
 0.38869E-05
 0.42908E-05
 0.47358E-05
 0.52253E-05
 0.57652E-05
 0.63601E-05
 0.70138E-05
 0.77353E-05
 0.85288E-05
 0.93998E-05
 0.10362E-04
 0.11424E-04
 0.12590E-04
 0.13874E-04
 0.15294E-04
 0.16844E-04
 0.18557E-04
 0.20444E-04
 0.22530E-04
 0.24816E-04
 0.27324E-04
 0.30096E-04
 0.33158E-04
 0.36519E-04
 0.40219E-04
 0.44291E-04
 0.48776E-04
 0.53712E-04
 0.59148E-04
 0.65133E-04
 0.71720E-04
 0.78975E-04
 0.86961E-04
 0.95752E-04
 0.10543E-03
