-2 3.64 4.11 4.43 4.63 4.85 5.12 5.26 5.30 
-3 1.31 1.52 1.70 1.82 1.96 2.11 2.17 2.19
-5 4.46 5.20 5.90 6.43 7.18 8.22 8.73 8.98 
-6 1.42 1.69 1.92 2.10 2.37 2.81 3.10 3.30 
-8 4.08 5.00 5.84 6.47 7.38 8.79 9.77 10.7 
-9 1.09 1.37 1.63 1.83 2.12 2.56 2.84 3.07 
-11 2.59 3.48 4.27 4.87 5.72 6.98 7.71 8.17 
-12 0.493 0.728 0.963 1.15 1.42 1.81 2.01 2.12 
-14 0.79 1.24 1.74 2.18 2.87 3.98 4.61 4.91 
-16 1.17 1.88 2.72 3.49 4.79 7.07 8.48 9.18 
-18 1.67 2.72 3.97 5.15 7.18 10.9 13.3 14.6 
-20 2.37 3.87 5.67 7.38 10.3 15.9 19.6 21.4 


1.18 1.13 1.10 1.08 1.07 1.05 1.04 1.04
1.29 1.21 1.16 1.13 1.10 1.07 1.06 1.06
1.44 1.35 1.28 1.23 1.18 1.12 1.10 1.09
1.63 1.53 1.45 1.40 1.33 1.23 1.19 1.16
1.90 1.76 1.67 1.60 1.52 1.42 1.35 1.29
2.20 2.07 1.96 1.89 1.79 1.66 1.59 1.52
2.38 2.32 2.26 2.20 2.11 1.98 1.91 1.85 
2.42 2.41 2.40 2.38 2.34 2.27 2.23 2.19
2.43 2.43 2.42 2.42 2.42 2.40 2.39 2.38
2.42 2.43 2.43 2.43 2.43 2.42 2.42 2.42
2.42 2.42 2.42 2.42 2.43 2.43 2.43 2.43
2.42 2.42 2.42 2.42 2.43 2.43 2.43 2.43


