-2  1.46 1.90 2.22 2.41 2.63 2.89 3.02 3.05
-4  3.76 5.64 7.28 8.41 9.77 11.3 11.8 1.20
-6  7.42 12.4 17.8 22.3 29.1 38.7 43.7 46.2
-7  1.34 2.21 3.32 4.39 6.25 9.80 12.4 14.3
-9  2.71 4.00 5.69 7.40 10.7 18.1 25.0 3.26
-11 5.77 8.16 10.8 13.3 18.0 28.9 39.9 54.9
-12 1.10 1.62 2.17 2.65 3.43 4.96 6.31 8.09
-14 1.80 2.81 3.93 4.91 6.50 9.26 11.2 13.0
-16 2.70 4.34 6.25 7.99 10.9 16.1 19.5 21.7
-18 3.90 6.32 9.23 11.9 16.6 25.2 30.8 33.9
-20 5.54 9.02 13.2 17.2 24.1 37.0 45.5 50.0
-22 7.85 12.8 18.8 24.5 34.4 53.0 65.3 71.7
 
 
1.32 1.32 1.32 1.31 1.31 1.31 1.31 1.31
1.32 1.32 1.32 1.32 1.31 1.31 1.31 1.31
1.32 1.32 1.32 1.32 1.32 1.32 1.31 1.31
1.32 1.32 1.32 1.32 1.32 1.32 1.32 1.32
1.35 1.33 1.33 1.32 1.32 1.32 1.32 1.32
1.44 1.40 1.37 1.36 1.34 1.33 1.33 1.33
1.54 1.51 1.47 1.45 1.42 1.38 1.37 1.37
1.60 1.58 1.56 1.54 1.52 1.48 1.46 1.45
1.62 1.61 1.61 1.61 1.60 1.59 1.57 1.55
1.63 1.62 1.62 1.62 1.61 1.61 1.60 1.60
1.63 1.63 1.63 1.63 1.62 1.62 1.62 1.62
1.63 1.63 1.63 1.63 1.62 1.62 1.62 1.62