121 1 0 12
2.17302e-12
2.73567e-12
3.4439e-12
4.33537e-12
5.45546e-12
6.85721e-12
8.60619e-12
1.07748e-11
1.34628e-11
1.67871e-11
2.0946e-11
2.59942e-11
3.23049e-11
4.0137e-11
4.9867e-11
6.19706e-11
7.70421e-11
9.58288e-11
1.20804e-10
1.53054e-10
1.93957e-10
2.4481e-10
3.08616e-10
3.89152e-10
4.90794e-10
6.17373e-10
7.75835e-10
9.74664e-10
1.21992e-09
1.52407e-09
1.90197e-09
2.3701e-09
2.94829e-09
3.65978e-09
4.53144e-09
5.58764e-09
6.86335e-09
8.39746e-09
1.0249e-08
1.24572e-08
1.50649e-08
1.80834e-08
2.15708e-08
2.55716e-08
3.01731e-08
3.54232e-08
4.138e-08
4.81063e-08
5.57141e-08
6.42736e-08
7.38654e-08
8.44722e-08
9.62456e-08
1.09346e-07
1.23903e-07
1.40144e-07
1.58189e-07
1.78155e-07
2.00288e-07
2.24752e-07
2.51813e-07
2.81516e-07
3.14186e-07
3.50183e-07
3.89958e-07
4.33129e-07
4.80341e-07
5.32055e-07
5.89354e-07
6.52372e-07
7.21337e-07
7.95693e-07
8.76342e-07
9.64191e-07
1.05968e-06
1.16338e-06
1.27614e-06
1.39798e-06
1.53192e-06
1.67776e-06
1.83601e-06
2.00586e-06
2.18915e-06
2.38716e-06
2.60054e-06
2.83055e-06
3.07878e-06
3.34667e-06
3.6383e-06
3.95416e-06
4.29505e-06
4.65762e-06
5.04596e-06
5.46348e-06
5.90847e-06
6.39023e-06
6.90454e-06
7.4546e-06
8.05425e-06
8.70109e-06
9.39819e-06
1.01316e-05
1.09139e-05
1.17504e-05
1.26378e-05
1.35858e-05
1.46017e-05
1.56906e-05
1.68636e-05
1.81237e-05
1.9475e-05
2.0894e-05
2.24074e-05
2.40154e-05
2.57167e-05
2.75312e-05
2.94689e-05
3.15369e-05
3.40381e-05
3.68525e-05
3.98967e-05
