121 1 0 12
7.14453e-12
8.99443e-12
1.13227e-11
1.42538e-11
1.79361e-11
2.25431e-11
2.82888e-11
3.54123e-11
4.42364e-11
5.5146e-11
6.87841e-11
8.53372e-11
1.06014e-10
1.31672e-10
1.6353e-10
2.03137e-10
2.52435e-10
3.13834e-10
3.94864e-10
4.99012e-10
6.30792e-10
7.94917e-10
1.00069e-09
1.26007e-09
1.58666e-09
1.98931e-09
2.49e-09
3.11526e-09
3.89435e-09
4.8632e-09
6.06455e-09
7.53274e-09
9.32804e-09
1.15211e-08
1.41856e-08
1.74515e-08
2.1401e-08
2.6126e-08
3.14873e-08
3.76425e-08
4.47555e-08
5.30753e-08
6.2628e-08
7.35329e-08
8.58751e-08
9.9789e-08
1.15403e-07
1.32863e-07
1.52084e-07
1.73331e-07
1.96851e-07
2.22611e-07
2.50916e-07
2.8209e-07
3.16401e-07
3.54084e-07
3.95375e-07
4.40802e-07
4.91574e-07
5.4771e-07
6.09409e-07
6.75881e-07
7.481e-07
8.26985e-07
9.1304e-07
1.00708e-06
1.10912e-06
1.22005e-06
1.34244e-06
1.47625e-06
1.62158e-06
1.77803e-06
1.94682e-06
2.13055e-06
2.33481e-06
2.5503e-06
2.78027e-06
3.02901e-06
3.30373e-06
3.60304e-06
3.92619e-06
4.2724e-06
4.64451e-06
5.04534e-06
5.47772e-06
5.94293e-06
6.44345e-06
6.98188e-06
7.56692e-06
8.1996e-06
8.88092e-06
9.59423e-06
1.03532e-05
1.11726e-05
1.20852e-05
1.30406e-05
1.40528e-05
1.51454e-05
1.63288e-05
1.76045e-05
1.89742e-05
2.03564e-05
2.17952e-05
2.33709e-05
2.52695e-05
2.71672e-05
2.91465e-05
3.12637e-05
3.35548e-05
3.60182e-05
3.86554e-05
4.13167e-05
4.40838e-05
4.71023e-05
5.06626e-05
5.42416e-05
5.79769e-05
6.19598e-05
6.68129e-05
7.22944e-05
7.82177e-05
