121 1 0 12
2.98363e-12
3.75616e-12
4.72866e-12
5.95291e-12
7.49408e-12
9.43343e-12
1.18721e-11
1.49321e-11
1.87657e-11
2.35601e-11
2.96028e-11
3.70183e-11
4.6333e-11
5.79557e-11
7.24624e-11
9.05819e-11
1.13247e-10
1.41625e-10
1.81545e-10
2.34654e-10
3.03225e-10
3.88184e-10
4.95406e-10
6.32524e-10
8.07882e-10
1.02524e-09
1.29859e-09
1.64502e-09
2.07927e-09
2.62568e-09
3.31376e-09
4.16368e-09
5.21845e-09
6.53132e-09
8.15998e-09
1.01641e-08
1.26243e-08
1.56337e-08
1.92971e-08
2.3728e-08
2.90559e-08
3.53711e-08
4.27791e-08
5.15472e-08
6.17849e-08
7.35371e-08
8.69997e-08
1.02378e-07
1.20259e-07
1.40718e-07
1.63862e-07
1.89279e-07
2.17403e-07
2.48657e-07
2.8327e-07
3.21442e-07
3.63383e-07
4.09572e-07
4.61233e-07
5.18359e-07
5.81107e-07
6.48903e-07
7.22585e-07
8.02997e-07
8.90628e-07
9.89616e-07
1.09865e-06
1.2177e-06
1.34277e-06
1.47672e-06
1.62178e-06
1.77821e-06
1.94708e-06
2.13059e-06
2.33482e-06
2.55055e-06
2.78061e-06
3.02913e-06
3.30386e-06
3.60323e-06
3.92627e-06
4.2725e-06
4.64458e-06
5.04538e-06
5.47773e-06
5.94299e-06
6.44354e-06
6.98191e-06
7.56707e-06
8.19963e-06
8.88078e-06
9.59464e-06
1.03534e-05
1.11726e-05
1.20852e-05
1.30405e-05
1.40524e-05
1.51455e-05
1.63288e-05
1.76045e-05
1.89742e-05
2.03564e-05
2.17952e-05
2.33708e-05
2.52697e-05
2.71673e-05
2.91468e-05
3.12635e-05
3.35552e-05
3.60178e-05
3.86555e-05
4.13169e-05
4.40841e-05
4.71022e-05
5.06627e-05
5.42416e-05
5.79769e-05
6.19598e-05
6.68129e-05
7.22944e-05
7.82177e-05
