121 1 0 12
1.0685e-12
1.34515e-12
1.69343e-12
2.13179e-12
2.68351e-12
3.37711e-12
4.24784e-12
5.338e-12
6.70122e-12
8.4028e-12
1.05451e-11
1.31685e-11
1.64627e-11
2.05698e-11
2.56928e-11
3.20908e-11
4.00876e-11
5.00963e-11
6.41126e-11
8.27161e-11
1.06698e-10
1.36201e-10
1.73263e-10
2.20512e-10
2.80755e-10
3.56003e-10
4.50878e-10
5.71122e-10
7.21511e-10
9.10475e-10
1.14835e-09
1.44558e-09
1.81689e-09
2.28083e-09
2.85872e-09
3.56897e-09
4.4424e-09
5.51483e-09
6.82904e-09
8.42917e-09
1.03637e-08
1.26918e-08
1.54742e-08
1.87523e-08
2.2646e-08
2.71857e-08
3.2458e-08
3.8554e-08
4.55745e-08
5.36116e-08
6.27615e-08
7.30236e-08
8.4541e-08
9.74595e-08
1.11914e-07
1.28282e-07
1.46635e-07
1.67023e-07
1.89492e-07
2.14288e-07
2.41712e-07
2.71852e-07
3.0503e-07
3.41534e-07
3.81829e-07
4.26769e-07
4.76518e-07
5.31192e-07
5.89502e-07
6.52576e-07
7.21408e-07
7.9581e-07
8.76488e-07
9.64191e-07
1.0597e-06
1.16351e-06
1.27628e-06
1.39803e-06
1.532e-06
1.67789e-06
1.83603e-06
2.00597e-06
2.18918e-06
2.38717e-06
2.60055e-06
2.83061e-06
3.0788e-06
3.3467e-06
3.63832e-06
3.95419e-06
4.29506e-06
4.65765e-06
5.04602e-06
5.46346e-06
5.90848e-06
6.39027e-06
6.90461e-06
7.4546e-06
8.05436e-06
8.70162e-06
9.39794e-06
1.01321e-05
1.09133e-05
1.17505e-05
1.26379e-05
1.35859e-05
1.46021e-05
1.56903e-05
1.6864e-05
1.8124e-05
1.9475e-05
2.0894e-05
2.24074e-05
2.40154e-05
2.57167e-05
2.75312e-05
2.94689e-05
3.15369e-05
3.40381e-05
3.68525e-05
3.98967e-05
